4.995000000000001661e-01
5.000000000000002220e-01
5.005000000000001670e-01
5.010000000000001119e-01
7.770000000000003570e-01
7.775000000000004130e-01
7.780000000000004690e-01
7.785000000000004139e-01
8.460000000000005294e-01
8.465000000000004743e-01
8.615000000000005986e-01
8.660000000000005471e-01
8.660000000000005471e-01
8.660000000000005471e-01
8.660000000000005471e-01
8.660000000000005471e-01
8.665000000000004921e-01
8.670000000000004370e-01
8.670000000000004370e-01
8.670000000000004370e-01
8.675000000000006040e-01
8.680000000000005489e-01
8.685000000000004938e-01
8.695000000000006057e-01
8.700000000000005507e-01
8.710000000000004405e-01
8.725000000000004974e-01
8.730000000000004423e-01
8.740000000000005542e-01
8.745000000000004992e-01
8.745000000000004992e-01
8.755000000000006111e-01
8.755000000000006111e-01
8.755000000000006111e-01
8.765000000000005009e-01
8.775000000000006128e-01
8.775000000000006128e-01
8.775000000000006128e-01
8.785000000000005027e-01
8.790000000000004476e-01
8.795000000000006146e-01
8.800000000000005596e-01
8.800000000000005596e-01
8.805000000000005045e-01
8.825000000000005063e-01
8.825000000000005063e-01
8.825000000000005063e-01
8.825000000000005063e-01
8.825000000000005063e-01
8.825000000000005063e-01
8.825000000000005063e-01
8.825000000000005063e-01
8.825000000000005063e-01
8.830000000000004512e-01
8.830000000000004512e-01
8.830000000000004512e-01
8.830000000000004512e-01
8.830000000000004512e-01
8.830000000000004512e-01
8.830000000000004512e-01
8.830000000000004512e-01
8.830000000000004512e-01
8.830000000000004512e-01
8.830000000000004512e-01
8.830000000000004512e-01
8.830000000000004512e-01
8.830000000000004512e-01
8.830000000000004512e-01
8.830000000000004512e-01
8.830000000000004512e-01
8.830000000000004512e-01
8.830000000000004512e-01
8.830000000000004512e-01
8.830000000000004512e-01
8.835000000000006182e-01
8.835000000000006182e-01
8.835000000000006182e-01
8.840000000000005631e-01
8.840000000000005631e-01
8.840000000000005631e-01
8.840000000000005631e-01
8.840000000000005631e-01
8.840000000000005631e-01
8.845000000000005080e-01
8.850000000000004530e-01
8.860000000000005649e-01
8.860000000000005649e-01
8.860000000000005649e-01
8.870000000000004547e-01
8.870000000000004547e-01
8.875000000000006217e-01
8.875000000000006217e-01
8.895000000000006235e-01
8.895000000000006235e-01
8.900000000000005684e-01
8.900000000000005684e-01
8.905000000000005134e-01
8.910000000000004583e-01
8.915000000000006253e-01
8.920000000000005702e-01
8.925000000000005151e-01
8.935000000000006271e-01
8.950000000000004619e-01
8.955000000000006288e-01
8.960000000000005738e-01
8.975000000000006306e-01
8.980000000000005755e-01
8.990000000000004654e-01
8.995000000000006324e-01
9.000000000000005773e-01
9.005000000000005222e-01
9.025000000000005240e-01
9.025000000000005240e-01
9.030000000000004690e-01
9.035000000000006359e-01
9.040000000000005809e-01
9.045000000000005258e-01
9.090000000000004743e-01
9.125000000000005329e-01
9.125000000000005329e-01
9.125000000000005329e-01
9.125000000000005329e-01
9.125000000000005329e-01
9.125000000000005329e-01
9.125000000000005329e-01
9.125000000000005329e-01
9.125000000000005329e-01
9.130000000000004778e-01
9.140000000000005898e-01
9.145000000000005347e-01
9.145000000000005347e-01
9.150000000000004796e-01
9.155000000000006466e-01
9.175000000000006484e-01
9.175000000000006484e-01
9.185000000000005382e-01
9.200000000000005951e-01
9.205000000000005400e-01
9.215000000000006519e-01
9.215000000000006519e-01
9.215000000000006519e-01
9.215000000000006519e-01
9.215000000000006519e-01
9.215000000000006519e-01
9.215000000000006519e-01
9.215000000000006519e-01
9.225000000000005418e-01
9.240000000000005986e-01
9.245000000000005436e-01
9.255000000000006555e-01
9.255000000000006555e-01
9.260000000000006004e-01
9.265000000000005453e-01
9.280000000000006022e-01
9.280000000000006022e-01
9.285000000000005471e-01
9.290000000000004921e-01
9.315000000000006608e-01
9.315000000000006608e-01
9.320000000000006057e-01
9.325000000000005507e-01
9.330000000000004956e-01
9.330000000000004956e-01
9.350000000000004974e-01
9.365000000000005542e-01
9.365000000000005542e-01
9.370000000000004992e-01
9.375000000000006661e-01
9.375000000000006661e-01
9.390000000000005009e-01
9.435000000000006715e-01
9.450000000000005063e-01
9.450000000000005063e-01
9.455000000000006732e-01
9.455000000000006732e-01
9.460000000000006182e-01
9.460000000000006182e-01
9.460000000000006182e-01
9.465000000000005631e-01
9.465000000000005631e-01
9.470000000000005080e-01
9.470000000000005080e-01
9.470000000000005080e-01
9.470000000000005080e-01
9.470000000000005080e-01
9.475000000000006750e-01
9.475000000000006750e-01
9.475000000000006750e-01
9.475000000000006750e-01
9.475000000000006750e-01
9.475000000000006750e-01
9.480000000000006199e-01
9.485000000000005649e-01
9.500000000000006217e-01
9.505000000000005667e-01
9.510000000000005116e-01
9.515000000000006786e-01
9.515000000000006786e-01
9.525000000000005684e-01
9.530000000000005134e-01
9.530000000000005134e-01
9.530000000000005134e-01
9.535000000000006803e-01
9.540000000000006253e-01
9.550000000000005151e-01
9.550000000000005151e-01
9.550000000000005151e-01
9.555000000000006821e-01
9.570000000000005169e-01
9.570000000000005169e-01
9.570000000000005169e-01
9.585000000000005738e-01
9.590000000000005187e-01
9.595000000000006857e-01
9.605000000000005755e-01
9.610000000000005205e-01
9.615000000000006875e-01
9.620000000000006324e-01
9.625000000000005773e-01
9.630000000000005222e-01
9.640000000000006342e-01
9.640000000000006342e-01
9.640000000000006342e-01
9.645000000000005791e-01
9.645000000000005791e-01
9.655000000000006910e-01
9.655000000000006910e-01
9.655000000000006910e-01
9.660000000000006359e-01
9.675000000000006928e-01
9.690000000000005276e-01
9.700000000000006395e-01
9.705000000000005844e-01
9.705000000000005844e-01
9.715000000000006963e-01
9.715000000000006963e-01
9.730000000000005311e-01
9.740000000000006430e-01
9.740000000000006430e-01
9.745000000000005880e-01
9.750000000000005329e-01
9.750000000000005329e-01
9.760000000000006448e-01
9.760000000000006448e-01
9.765000000000005898e-01
9.765000000000005898e-01
9.770000000000005347e-01
9.770000000000005347e-01
9.775000000000007017e-01
9.790000000000005365e-01
9.790000000000005365e-01
9.790000000000005365e-01
9.795000000000007034e-01
9.795000000000007034e-01
9.800000000000006484e-01
9.810000000000005382e-01
9.815000000000007052e-01
9.820000000000006501e-01
9.825000000000005951e-01
9.830000000000005400e-01
9.830000000000005400e-01
9.835000000000007070e-01
9.835000000000007070e-01
9.845000000000005969e-01
9.845000000000005969e-01
9.855000000000007088e-01
9.860000000000006537e-01
9.870000000000005436e-01
9.890000000000005453e-01
9.890000000000005453e-01
9.900000000000006573e-01
9.905000000000006022e-01
9.910000000000005471e-01
9.915000000000007141e-01
9.930000000000005489e-01
9.930000000000005489e-01
9.935000000000007159e-01
9.940000000000006608e-01
9.940000000000006608e-01
9.945000000000006057e-01
9.980000000000006644e-01
9.985000000000006093e-01
9.985000000000006093e-01
9.995000000000007212e-01
